35367787800
11988560845
49900196015
31891049801
35535937843
42934874842
14666842837
76137635015
30554337851
34638548806
36251441828
71573437034
89877462168
26527611889
70610630172
32697911863
11730502725
43919553004
53566386120
12430334607
17198546706
86533444620
34348299897
45011026833
43138295800
24278700563
87745780144
41491838809
44035254827
18394996728
40717094804
43245438877
32849653861
25726399803
32552655840
24592943368
30736910816
10645356905
24884079841
81213174287
29207503808
44700222840
12035503833
44221661828
33242681843
11626339643
17739923842
11174738723
98959468053
11963471903
11038591961
61450731520
28823123852
25619894886
53341742816
17862855760
46321902845
16718395870
42042475807
43428262832
11071639943
71122192215
36204238817
74788370697
32466137291
70419727477
46125974863
10288613627
27464809807
91523982420
38458316854
71227840454
11935117718
45908269840
40901179841
22464865800
33097014845
37388783865
95615806168
10895242770
12607882885
13709086604
25204309829
43794449886
36020013855
42641645831
43729980823
34973802883
49570594896
50312724810
85184950087
34421196851
30432155830
14186922713
60800304381
64165752215
10496916874
41330094875
40325465843
38960445835
32140755863
35973290808
45969916854
32861440880
11252060807
20335114725
39262490801
11053672829
36973768881
33622504838
45977706820
71593861087
89684303068
35156563830
80383939372
80115250778
40796023832
70417741200
32823955828
43926932287
66561655087
27953498847
42587006813
75390493168
41132735882
37218586899
15782449861
15379364411
22828217850
36202368870
16605706897
93690622115
52057801187
49037915809
33998220810
39998044839
79681824334
22392737800
15472105676
69589399134
39860835888
83947337353
51378246829
31587355809
12883128901
47153660100
29991053808
14813906788
37293166800
10201175401
11978375824
26008867882
40943995850
38666938854
40096381841
13487697696
12357828838
37673377896
19003591709
81492812900
33285902850
10351231692
85992836004
40133534820
11755864710
11532373937
41105757889
11868861961
11909114936
48380383800
42950592856
84808500191
38464596820
38503308851
39835055890
12438228725
42738953824
13797849729
48220062800
34094153861
39824903836
10123960703
80446035572
35921198854
13863430808
36007878880
67635482068
98395815034
79339646134
33323768884
35889310828
51077241836
95473467334
14813747612
35841145860
37863131804
10493546723
42058455886
27774491805
38559966870
89214285268
90806042168
49192247881
37611059831
45512476858
37448289802
23248771801
27195476898
90460928287
35261496829
36204762842
47001864889
86403940082
41262002826
51731586892
89796179172
13167994762
10748746927
35580273886
79811523134
12691653994
21690217871
10363641513
15828495798
38422991845
25696933831
15789835848
37851684897
36729119845
27797365857
98603825149
70931899206
12239536969
10273589938
22655500865
14239390931
29944199800
90264363000
12362680754
11235694950
52268643883
11159166960
10207452903
11833472861
10999953451
13814386795
47296937874
40273880896
11578889928
47808038881
94729727649
21681274841
21557796823
31109860862
10363727906
40455066833
17186215742
10374436754
46091103857
13914594900
39101109839
80111122520
10596017960
34443954856
37586366802
11843202921
11132300703
13053446936
13798381771
42125425874
49921239880
44842237830
47381924854
81327285215
43480364896
39275792895
89851404004
32026109885
27887498805
76153444687
27628713874
33226137808
59757892149
33681089809
17866473897
11352816962
48666368829
15341789709
16662923702
41999981871
42287616829
61357669704
48641196862
44447502860
81755481268
47677151809
12359253824
38929158811
14378118688
36528924880
73006297415
29980514809
26315163890
53815394015
86627155168
39428919802
38047889800
14425392914
12084685966
26522711800
30527492850
11979701776
15913731824
29313734869
29149589865
31263642845
31202540880
10004237781
36288687855
97429465315
23003531808
46646186898
82753954372
36161682877
55992914803
33651826830
91362342068
17841596707
44614053890
29135638800
