9752389490
5878633906
8269061689
9800775919
6869860327
338014101
1362823341
3063859028
2021284077
6469494625
7360664624
8815128506
5215848688
2746376008
1116563975
2087797013
2889385183
4254764995
2350764060
9671602436
5949511603
3744023966
5527893999
6970158900
3269029020
9860315779
965392082
6021193164
2778614117
1563888718
4194093003
3843470960
4325237070
4664117159
7050563684
5866160803
5577776155
6150700941
5085941039
5009165945
8091346913
6155029970
3844568042
7262587927
2019217074
2840993503
4956335938
3481470401
5351416883
1815027550
8225975944
3755583909
7062785938
1174379561
4215725666
5473494757
7353185147
5262396119
571843050
2310292095
8688350647
5307946910
8696627911
561087024
4333186005
4933221910
8359321841
4675112684
3152440030
9913349907
6121143339
4822364348
1260750000
5532673969
9514178947
3019414750
3653335655
6656007805
6098213933
3366641924
6696688501
4057897852
5483248830
3865790089
4032850623
1424504309
5489693614
3178247084
1241822247
3099566330
2943630179
5567337701
1159213038
1339535130
2286640041
2281634043
5491732699
7913490985
3032374065
6106538140
4422454080
9860091994
2435612290
4534287119
2208685148
8810806409
4809233022
5005157352
8895036999
823188086
7013382965
3348947944
3029037045
2083907078
7549086826
1335336206
5972462389
8646259951
6266892952
3432695110
3030339912
9548414929
2625391014
4133707044
8331365933
6818087990
2727687907
141982152
305229192
9160802774
3597363512
5794065044
682464988
5306024904
4047245909
456037748
8691263776
7925510951
4031779607
2609018061
1991177054
4813663770
3271648670
9479750988
7949432926
3676888910
6002313486
7457629998
1564216314
6857969140
8698824900
1433703084
6887011913
6558964902
4529331610
6993912104
5733256931
3611227722
7920829666
3323037480
6349266919
387802088
5099378455
1489786066
8381109671
8321171966
1028393954
819380202
6562217989
4719102956
4062031990
1834926688
5279074640
3924690146
6109017450
2683436084
8413710910
7612440938
9621223946
593422937
3947758057
603386520
1215367007
9792736760
543490106
8349876948
4609520567
8144053559
5353595190
5796728164
120132265
1349974765
8509618402
686327977
5941738765
7843932909
5245713764
8071232858
7144351630
6869582173
7653762611
5056005878
8242979979
